000000000000022200000000000000
033333        013       333330
033333        0         333330
033           0            330
033           0            330
0   33        0        33    0
0   33    333101333    33    0
0   33    322202223    33    0
0         320000123          0
21        120000021         12
200000000000001000000000000002
2         120000021          2
0         321000123          0
0   33    322202223    33    0
0   33    333101333    33    0
0   33        0        33    0
033           0            330
033           0            330
033333        0         333330
033333       10 3       333330
000000000000022200000000000000
                              
