000000000000000000000000000000
000000         1        000000
000000                  000000
000                        000
000                        000
0         0000   0000        0
0         00       00        0
0   00    00  2   200        0
0   00    00       00        0
0                            0
0              2             0
0         00       00        0
0   00    00       00        0
0   00    00     2 00        0
0         0000   0000        0
0                            0
000                        000
000        3       3       000
000000                  000000
000000                  000000
000000000000000000000000000000